   11,800      1     11,800
━━━━━━━━━━━━━━━━━━━━
[COFFEE]                   45    234,000
  아메리카노 A
                 4,000      3     12,000
  아메리카노 ICE A
                 4,000     17     68,000
  카페라떼ICE    4,500      4     18,000
  카푸치노       5,000      1      5,000
  에스프레소     3,000      1      3,000
  아메리카노 B
                 4,000      2      8,000
  바닐라라떼 ICE
                 5,000      6     30,000
  아메리카노 ICE B
                 4,000     10     40,000
  시설임차비    50,000      1     50,000
━━━━━━━━━━━━━━━━━━━━
[DESSERT]                  12     38,400
  마들-흑임      2,300      1      2,300
  마들-초코      2,300      1      2,300
  파운-헤이즐넛
                 3,500      1      3,500
  파운-밤        3,500      1      3,500
  베이글         3,000      2      6,000
  크림치즈       1,000      1      1,000
  마들-말차      2,300      1      2,300
  응삼떡플       5,000      3     15,000
  르댕           2,500      1      2,500
━━━━━━━━━━━━━━━━━━━━
[JUICE]                    10     48,500
  아이스티       4,000      5     20,000
  청포도에이드
                 6,000      1      6,000
  패션후르츠에이드
                 6,000      1      6,000
  생과일주스     5,500      3     16,500
━━━━━━━━━━━━━━━━━━━━
[LATTE]                    12     58,000
  그린티라떼     4,500      1      4,500
  스트로베리라떼
                 5,000      5     25,000
  스팀우유       4,000      1      4,000
  방앗간미숫가루 ICE
                 5,000      3     15,000
  그린티라떼 ICE
                 4,500      1      4,500
  다크리얼초코라떼 ICE
                 5,000      1      5,000
━━━━━━━━━━━━━━━━━━━━
[TEA]                       1      6,000
  자몽티 ICE     6,000      1      6,000
━━━━━━━━━━━━━━━━━━━━
[합계]                     84    438,500
━━━━━━━━━━━━━━━━━━━━
출력시간 : 2021-07-10 21:04:22






