
  빈틈의 온기   15,000      1     15,000
  조국의 시간   17,000      1     17,000
  꽃들의 말     19,000      1     19,000
  건반위의 철학자(개정판)
                19,600                 0
  와인이 있는 100가지 장면
                24,000      1     24,000
  인생을 바꾸는 생각들
                15,000      1     15,000
━━━━━━━━━━━━━━━━━━━━
[COFFEE]                   34    341,000
  아메리카노 A
                 4,000      6     24,000
  아메리카노 ICE A
                 4,000     14     56,000
  카페라떼       4,500      1      4,500
  카페라떼ICE    4,500      3     13,500
  바닐라라떼     5,000      1      5,000
  카페모카       5,000      1      5,000
  바닐라라떼 ICE
                 5,000      4     20,000
  카페모카 ICE
                 5,000      1      5,000
  아메리카노 ICE B
                 4,000      2      8,000
  세미나실이용료
               200,000      1    200,000
━━━━━━━━━━━━━━━━━━━━
[DESSERT]                  26     84,900
  마들-흑임      2,300      1      2,300
  마들-초코      2,300      2      4,600
  파운-쑥        3,500      3     10,500
  파운-밤        3,500      3     10,500
  휘낭-솔티카라멜
                 2,300      2      4,600
  휘낭-블루치즈
                 2,300      1      2,300
  휘낭-무화과    2,300      1      2,300
  유자브라우니
                 3,500      2      7,000
  바닐라쿠키     3,500      4     14,000
  마시멜로 초코쿠키
                 2,500      1      2,500
  마들-말차      2,300      1      2,300
  응삼떡플       5,000      3     15,000
  파운-치즈      3,500      2      7,000
━━━━━━━━━━━━━━━━━━━━
[JUICE]                    11     61,000
  아이스티       4,000      2      8,000
  청포도에이드
                 6,000      4     24,000
  자몽에이드     6,000      3     18,000
  생과일주스     5,500      2     11,000
━━━━━━━━━━━━━━━━━━━━
[LATTE]                    11    680,000
  흑임자라떼     5,000      1      5,000
  스트로베리라떼
                 5,000      1      5,000
  흑임자라떼 ICE
                 5,000      2     10,000
  쌀라떼 ICE     5,000      2     10,000
  방앗간미숫가루 ICE
                 5,000      3     15,000
  다크리얼초코라떼 ICE
                 5,000      1      5,000
  VIP초청상품권
               630,000      1    630,000
━━━━━━━━━━━━━━━━━━━━
[TEA]                       5     28,000
  레몬티         6,000      1      6,000
  자몽티         6,000      2     12,000
  얼그레이 ICE
                 5,000      1      5,000
  루이보스 ICE
                 5,000      1      5,000
━━━━━━━━━━━━━━━━━━━━
[합계]                     96  1,338,800
━━━━━━━━━━━━━━━━━━━━
출력시간 : 2021-07-09 21:10:40






