       4,000      9     36,000
  카페라떼       4,500      1      4,500
  카페라떼ICE    4,500      3     13,500
  바닐라라떼     5,000      1      5,000
  카라멜마끼아또 ICE
                 5,000      1      5,000
  아메리카노 ICE B
                 4,000      2      8,000
━━━━━━━━━━━━━━━━━━━━
[DESSERT]                  22     68,600
  마들-흑임      2,300      1      2,300
  마들-초코      2,300      2      4,600
  파운-쑥        3,500      4     14,000
  파운-밤        3,500      4     14,000
  휘낭-솔티카라멜
                 2,300      2      4,600
  초코브라우니
                 3,500      1      3,500
  바닐라쿠키     3,500      1      3,500
  파운-흑임      3,500      4     14,000
  마들-말차      2,300      1      2,300
  파운-치즈      3,500      1      3,500
  마들-레몬      2,300      1      2,300
━━━━━━━━━━━━━━━━━━━━
[JUICE]                     7     35,500
  아이스티       4,000      3     12,000
  자몽에이드     6,000      2     12,000
  패션후르츠에이드
                 6,000      1      6,000
  생과일주스     5,500      1      5,500
━━━━━━━━━━━━━━━━━━━━
[LATTE]                    11     89,000
  스트로베리라떼
                 5,000      1      5,000
  방앗간미숫가루 ICE
                 5,000      7     35,000
  그린티라떼 ICE
                 4,500      2      9,000
  세미나이용료
                40,000      1     40,000
━━━━━━━━━━━━━━━━━━━━
[TEA]                       4     21,000
  페퍼민트       5,000      1      5,000
  애플시나몬뱅쇼
                 5,000      1      5,000
  레몬티         6,000      1      6,000
  페퍼민트 ICE
                 5,000      1      5,000
━━━━━━━━━━━━━━━━━━━━
[합계]                     74    345,900
━━━━━━━━━━━━━━━━━━━━
출력시간 : 2021-07-08 20:57:58






