일도문고(평화점)
------------------------------------------
등록번호:402-91-18062   대표:이경희
전화:063-224-4793    팩스:063-224-4797
주소:전북 전주시 완산 평화동2가 890-5
------------------------------------------
일자:2021-08-01   10:37R  0
포스:1     영수증NO:20210801-1-1
==========================================
[상 품 명]     [정가]    [수량]  [금  액]
==========================================
그해여름끝                              
9791166830976  15,000         1    15,000
헤맨다고모두길을잃는것은아니다          
9791191825046  15,500         1    15,500
당신의나이는당신이아니다                
9791190259637  19,000         1    19,000
내마음을나도모를때                      
9788950994761  16,000         1    16,000
중국의조용한침공                        
9788984079540  22,000         1    22,000
한국어그파란의역사와생명력              
9788936484446  16,000         1    16,000
당신의생각을정리해드립니다              
9791162542040  16,000         1    16,000
감사감사의습관이기적을만든다            
9791186165850  13,000         1    13,000
인간본성의법칙(양장본HARDCOVER)         
9791190182560  32,000         1    32,000
알고리즘리더                            
9791191122008  15,500         1    15,500
나는왜생각이많을까                      
9791190179874  13,800         1    13,800
고전은당신을배신하지않는다              
9788950995522  16,000         1    16,000
성장하는오십은늙지않는다                
9791190826594  15,000         1    15,000
어떻게살아야할지막막한너에게            
9791196756901  15,500         1    15,500
노화는세포건조가원인이다                
9788997484942  13,000         1    13,000
월가의영웅                              
9788957821176  23,000         1    23,000
개혁군주조조난세의능신제갈량            
9788993119404  15,000         1    15,000
이토록멋진휴식                          
9791166817830  16,800         1    16,800
건강과 치유의 비밀                      
9788967442262  38,000         1    38,000
원소의이름                              
9791155813744  18,000         1    18,000
피곤한몸살리기                          
9788990116932  13,500         1    13,500
360도매일매일한줄인문학                 
9791156028932  18,000         1    18,000
마음을움직이는승부사제갈량              
9788960865129  16,000         1    16,000
엄마가남기고간것                        
9791166495007  14,000         1    14,000
박완서소설전집08-살아있는날의시작       
9788933801819  15,000         1    15,000
귀곡자에게배우는처세술                  
9788955155396  13,800         1    13,800
이웃집백만장자변하지않는부의법칙        
9791162541197  16,800         1    16,800
자연치유불변의법칙                      
9791187330172  16,000         1    16,000
호암자전                                
9788930087568  28,000         1    28,000
나이듦의즐거움                          
9788925552576  12,000         1    12,000
싱크어게인                              
9788947547079  19,800         1    19,800
멘탈의연금술(어떻게한계를넘어기적을만드?
9791158511982  16,000         1    16,000
프로페셔널스튜던트                      
9791197016875  18,000         1    18,000
헤세와융                                
9791190906142  16,500         1    16,500
나는오늘부터화를끊기로했다              
9791196192631  14,000         1    14,000
위대한생각의힘                          
9788931004984  12,000         1    12,000
엄마의소신                              
9791190179416  16,800         1    16,800
추미애의깃발-우리함께손잡고             
9788935668687  17,000         1    17,000
오늘부터걷기                            
9791197066924  15,000         1    15,000
어느채식의사의고백                      
9791187330035  13,000         1    13,000
관자 -경세의바이블한국 최초완역관자(개정
9788971393376  38,000         1    38,000
과학으로증명된최고의식사                
9791187113430  13,000         1    13,000
횡설수설하지않고정확하게설명하는법      
9788993635850  13,000         1    13,000
마녀체력-마흔,여자가체력을키워야할때    
9791185823270  15,000         1    15,000
자본주의(EBS다큐프라임)                 
9788957365793  17,000         1    17,000
뉴타입의시대                            
9791189995638  16,000         1    16,000
오늘내가사는게재미있는이유              
9788901203287  14,000         1    14,000
내인생을바꾸는좋은감정습관              
9791190312325  13,800         1    13,800
네명의완벽주의자                        
9788965964261  16,000         1    16,000
최고의변화는어디서시작되는가            
9791162540237  14,800         1    14,800
------------------------------------------
[합    계]                   50   855,900
------------------------------------------
현      금                       855,900
------------------------------------------
받은금액     855,900
거스름돈            
------------------------------------------
20210801-1-1
 
착오구매시3일이내/파본시10일이내
반품제외품목잡지.만화.상품권
비닐포장훼손된도서교환반품불가합니다
1년동안거래가없을시포인트소멸됩니다
