분류별 상세매출 내역

[POS 번호] : 3    [POS 명] : COUNT1
[조회기간] : 2021-08-19 ~ 2021-08-19
━━━━━━━━━━━━━━━━━━━━
품명              단가   수량   매출금액
━━━━━━━━━━━━━━━━━━━━
[BOOK]                     28    406,600
  애도 일기 9788901228068
                14,000      1     14,000
  밖으로 나가볼까
                10,000      1     10,000
  버지니아 울프처럼 자기만의
                13,800      1     13,800
  나도 모르게 생각한 생각들
                14,000      1     14,000
  우리가 빛의 속도로 갈 수 ?
                14,000      1     14,000
  그림쏙세계사
                21,000                 0
  그림쏙세계사 9791190266017
                21,000      1     16,800
  좁아서 두근두근 9791164128
                12,000      2     24,000
  여덟단어 9788956056531
                15,000     20    300,000
━━━━━━━━━━━━━━━━━━━━
[COFFEE]                   59    352,500
  아메리카노 A
                 4,000     10     40,000
  아메리카노 ICE A
                 4,000     20     80,000
  카페라떼       4,500      2      9,000
  카페라떼ICE    4,500      7     31,500
  카라멜마끼아또
                 5,000      2     10,000
  샷추가           500      2      1,000
  아메리카노 B
                 4,000      3     12,000
  바닐라라떼 ICE
                 5,000      7     35,000
  아메리카노 ICE B
                 4,000      4     16,000
  세미나실 이용료
               100,000      1    100,000
  소크라테스 익스프레스
                18,000      1     18,000
━━━━━━━━━━━━━━━━━━━━
[DESSERT]                  25     71,900
  마들-흑임      2,300      3      6,900
  마들-초코      2,300      3      6,900
  파운-밤        3,500      1      3,500
  휘낭-솔티카라멜
                 2,300      1      2,300
  휘낭-블루치즈
                 2,300      2      4,600
  휘낭-무화과    2,300      1      2,300
  유자브라우니
                 3,500      1      3,500
  초코브라우니
                 3,500      1      3,500
  바닐라쿠키     3,500      3     10,500
  마시멜로 로터스쿠키
                 2,500      1      2,500
  베이글         3,000      1      3,000
  크림치즈       1,000      1      1,000
  마들-말차      2,300      3      6,900
  르댕           2,500      1      2,500
  크로플         6,000      2     12,000
━━━━━━━━━━━━━━━━━━━━
[JUICE]                    14     80,500
  아이스티       4,000      1      4,000
  청포도에이드
                 6,000      2     12,000
  자몽에이드     6,000      2     12,000
  패션후르츠에이드
                 6,000      5     30,000
  생과일주스     5,500      3     16,500
  레몬에이드     6,000      1      6,000
━━━━━━━━━━━━━━━━━━━━
[LATTE]                    18     89,500
  스트로베리라떼
                 5,000      2     10,000
  흑임자라떼 ICE
                 5,000      8     40,000
  쌀라떼 ICE     5,000      3     15,000
  방앗간미숫가루 ICE
                 5,000      4     20,000
  그린티라떼 ICE
                 4,500      1      4,500
━━━━━━━━━━━━━━━━━━━━
[TEA]                      18     95,000
  카모마일       5,000      2     10,000
  페퍼민트       5,000      2     10,000
  애플시나몬뱅쇼
                 5,000      4     20,000
  레몬티         6,000      1      6,000
  자몽티         6,000      2     12,000
  페퍼민트 ICE
                 5,000      2     10,000
  애플시나몬뱅쇼 ICE
                 5,000      3     15,000
  레몬티 ICE     6,000      1      6,000
  자몽티 ICE     6,000      1      6,000
━━━━━━━━━━━━━━━━━━━━
[합계]                    162  1,096,000
━━━━━━━━━━━━━━━━━━━━
출력시간 : 2021-08-19 20:41:15






